,HomeNumWins,VisitorNumWins,HomeStreak,VisitorStreak,HomeWins2019,VisitorWins2019
0,0,0,0,0,32,14
1,0,0,0,0,26,15
2,0,0,0,0,25,13
3,0,0,0,0,29,15
4,0,0,0,0,25,6
5,0,0,0,0,23,11
6,0,0,0,0,19,12
7,0,0,0,0,31,21
8,0,0,0,0,24,10
9,0,0,0,0,32,8
10,0,0,0,0,29,22
11,0,0,0,0,32,20
12,0,0,0,0,12,15
13,0,0,0,0,26,12
14,0,0,0,0,31,27
15,0,0,0,0,30,22
16,0,0,0,0,28,26
17,1,1,1,1,25,11
18,0,0,0,0,23,8
19,0,0,0,0,21,13
20,0,0,0,0,19,9
21,0,0,0,0,27,10
22,0,0,0,0,34,7
23,0,0,0,0,24,21
24,0,0,0,0,22,21
25,0,0,0,0,33,20
26,0,0,0,0,26,20
27,0,0,0,0,17,17
28,0,0,0,0,9,21
29,0,0,0,0,9,26
30,0,0,0,0,13,19
31,0,0,0,0,31,14
32,1,1,1,1,32,10
33,1,0,1,0,29,15
34,1,1,1,1,12,22
35,0,0,0,0,27,27
36,0,0,0,0,21,19
37,1,1,1,1,24,21
38,0,1,0,1,25,20
39,1,0,1,0,22,14
40,0,0,0,0,26,19
41,0,1,0,1,9,13
42,1,1,1,1,17,20
43,1,0,1,0,32,17
44,0,0,0,0,33,6
45,0,0,0,0,19,27
46,1,0,1,0,31,22
47,2,2,2,2,32,21
48,2,0,2,0,12,21
49,0,1,0,1,24,20
50,1,0,1,0,26,14
51,1,1,1,1,19,12
52,1,1,1,1,34,9
53,2,0,2,0,22,12
54,1,2,1,2,31,11
55,1,0,1,0,25,8
56,1,1,1,0,13,13
57,1,0,1,0,23,19
58,1,1,1,1,28,27
59,2,1,2,1,32,15
60,1,2,1,0,27,21
61,0,0,0,0,22,22
62,0,0,0,0,24,14
63,2,1,2,0,29,22
64,0,0,0,0,30,7
65,1,1,0,0,17,20
66,0,2,0,2,19,20
67,2,0,2,0,26,16
68,3,2,3,1,22,20
69,2,0,2,0,19,15
70,3,0,3,0,19,15
71,4,2,4,0,22,20
72,3,1,0,1,19,15
73,1,1,0,1,23,22
74,0,0,0,0,29,6
75,2,1,2,0,25,27
76,2,0,2,0,28,8
77,0,1,0,0,9,15
78,1,2,0,2,24,15
79,0,1,0,1,24,21
80,0,0,0,0,30,16
81,1,0,0,0,27,14
82,1,0,1,0,26,19
83,2,2,0,0,25,20
84,1,1,1,1,21,7
85,1,1,1,1,33,26
86,0,2,0,0,22,11
87,0,1,0,1,30,14
88,0,2,0,2,32,20
89,1,1,1,0,29,13
90,3,1,0,0,19,22
91,1,0,1,0,9,15
92,3,3,3,3,32,15
93,2,2,2,2,13,9
94,3,1,3,0,26,21
95,0,1,0,0,22,15
96,2,0,1,0,23,14
97,1,1,0,0,21,22
98,1,2,1,1,25,27
99,2,3,0,3,12,20
100,0,3,0,1,30,21
101,1,1,0,1,25,19
102,2,1,0,1,13,21
103,1,1,0,1,17,16
104,1,4,1,4,9,15
105,2,0,1,0,27,17
106,1,3,0,1,34,20
107,2,0,2,0,26,8
108,2,1,2,0,29,10
109,2,1,1,0,17,13
110,2,1,2,1,31,27
111,3,1,3,1,32,15
112,1,3,0,1,21,11
113,1,0,0,0,24,17
114,3,3,3,0,29,20
115,4,3,4,2,26,27
116,2,2,1,2,25,21
117,3,0,0,0,32,22
118,3,3,1,0,12,20
119,4,3,0,0,26,21
120,3,1,3,0,29,15
121,2,0,0,0,25,12
122,1,0,1,0,22,6
123,2,1,0,0,17,15
124,1,1,0,0,25,27
125,1,1,1,0,19,26
126,2,0,1,0,24,8
127,2,3,1,0,34,20
128,4,4,4,3,29,27
129,0,0,0,0,32,19
130,4,4,0,1,22,20
131,4,3,1,3,32,21
132,2,0,0,0,25,14
133,1,2,0,1,9,22
134,2,3,1,3,21,9
135,3,1,2,0,27,27
136,2,3,1,1,25,20
137,3,1,1,0,25,19
138,2,2,2,2,31,14
139,4,4,3,0,27,27
140,1,1,0,1,9,6
141,3,1,0,1,12,19
142,0,1,0,0,32,12
143,5,2,1,1,22,26
144,3,3,3,0,26,11
145,3,4,3,4,28,9
146,4,0,0,0,32,12
147,1,3,0,2,19,22
148,1,1,1,0,30,21
149,5,3,1,2,26,26
150,4,0,4,0,29,22
151,3,2,3,2,31,6
152,4,1,1,0,19,15
153,1,1,0,1,9,8
154,3,1,2,0,34,12
155,4,5,1,5,12,15
156,5,1,5,0,29,19
157,1,3,1,0,24,21
158,2,1,0,1,25,12
159,3,3,0,0,25,20
160,4,1,4,0,28,10
161,3,1,3,0,31,22
162,2,1,0,0,25,16
163,5,1,0,0,22,27
164,1,3,1,0,32,26
165,2,4,0,0,13,20
166,2,2,2,1,33,13
167,1,1,0,0,19,22
168,1,4,0,0,9,9
169,4,2,0,1,12,12
170,3,1,0,0,34,19
171,2,1,0,0,25,15
172,4,1,1,0,25,16
173,4,2,4,1,31,19
174,2,2,0,1,21,21
175,3,1,1,0,25,10
176,4,3,0,0,27,20
177,1,4,0,4,30,21
178,6,2,1,1,22,15
179,2,1,1,0,9,19
180,5,5,5,1,29,27
181,2,2,1,0,9,14
182,5,1,2,1,19,14
183,3,4,0,3,25,22
184,2,4,0,1,24,26
185,4,3,0,0,32,21
186,6,2,2,0,26,12
187,2,3,0,0,13,20
188,2,5,2,5,24,21
189,3,4,1,2,21,20
190,5,2,2,1,25,10
191,2,1,1,0,19,27
192,7,2,2,0,22,12
193,2,2,0,0,9,6
194,3,2,2,0,23,19
195,4,3,4,1,32,14
196,2,6,0,2,9,27
197,5,4,5,1,31,21
198,3,1,1,0,24,16
199,5,5,1,0,12,21
200,6,4,6,1,29,11
201,7,0,3,0,26,22
202,3,1,0,0,21,27
203,3,4,2,0,19,21
204,3,2,3,2,24,7
205,8,0,3,0,22,22
206,4,1,4,0,31,8
207,1,1,0,0,22,16
208,2,7,0,3,17,27
209,3,3,0,0,23,14
210,4,2,2,1,24,27
211,6,2,3,0,19,6
212,5,0,5,0,32,17
213,2,1,0,0,9,15
214,3,2,0,0,25,21
215,4,5,1,4,34,22
216,8,6,4,1,26,21
217,3,4,3,0,33,21
218,5,1,0,0,12,14
219,3,2,0,0,26,12
220,2,3,1,0,22,14
221,4,2,1,0,23,15
222,3,5,1,1,9,20
223,5,6,1,6,27,15
224,5,1,5,0,31,16
225,5,2,3,0,24,6
226,5,6,2,0,34,21
227,6,2,0,0,29,27
228,9,5,5,0,26,22
229,3,2,0,0,25,7
230,3,2,1,0,25,13
231,5,0,0,0,29,17
232,2,4,0,0,17,26
233,3,1,1,0,9,16
234,6,6,6,2,31,20
235,2,4,0,0,13,21
236,3,7,0,7,21,15
237,4,1,4,0,33,15
238,7,2,1,1,29,14
239,6,4,6,0,31,9
240,3,2,0,1,9,19
241,3,2,2,0,22,15
242,6,3,3,1,34,7
243,10,2,6,0,26,14
244,3,3,1,2,13,19
245,4,0,1,0,26,17
246,6,2,1,2,29,12
247,2,5,0,2,17,11
248,5,3,5,1,28,15
249,7,3,4,0,19,14
250,6,4,6,1,32,20
251,3,4,0,0,9,21
252,5,3,5,1,33,21
253,4,8,0,8,32,15
254,1,0,0,0,30,22
255,6,1,4,0,24,22
256,7,2,4,0,34,10
257,6,4,6,3,28,19
258,3,1,0,0,25,15
259,3,0,0,0,13,17
260,7,3,2,0,29,21
261,7,3,7,0,31,15
262,7,1,7,0,32,8
263,6,6,0,0,31,20
264,3,2,0,1,21,22
265,6,2,6,0,33,12
266,4,6,0,3,32,11
267,5,2,0,0,12,10
268,4,9,3,9,19,15
269,1,1,0,1,32,22
270,1,3,0,1,30,13
271,5,6,2,0,23,21
272,5,3,2,0,26,14
273,6,5,3,1,25,26
274,3,8,0,4,13,27
275,3,4,0,0,9,20
276,8,2,3,0,29,12
277,3,3,0,0,21,21
278,8,2,5,0,19,27
279,5,2,0,0,27,14
280,4,3,0,2,32,22
281,5,5,0,1,12,9
282,2,3,1,0,32,13
283,9,3,4,1,22,10
284,4,5,4,3,24,20
285,8,3,8,1,31,19
286,7,2,1,0,31,12
287,7,4,7,1,33,14
288,6,6,3,0,23,20
289,3,2,0,0,25,12
290,3,6,0,0,9,21
291,10,6,5,2,22,9
292,5,2,0,1,26,16
293,4,1,0,0,19,22
294,6,2,0,0,25,27
295,8,4,8,1,32,21
296,11,3,7,0,26,10
297,4,3,1,0,25,7
298,9,4,9,0,31,21
299,2,2,0,0,17,27
300,3,3,0,0,21,19
301,8,1,8,0,33,8
302,5,3,5,0,24,13
303,3,1,0,0,13,15
304,3,1,0,1,22,17
305,4,7,0,3,19,9
306,9,7,9,1,32,20
307,5,5,1,0,32,22
308,8,10,5,10,34,15
309,12,5,8,1,26,21
310,4,2,0,0,25,27
311,6,9,1,5,26,27
312,7,4,1,1,25,7
313,3,4,1,0,17,19
314,7,8,7,2,28,20
315,3,3,0,1,9,12
316,6,4,1,1,27,19
317,6,7,0,4,24,11
318,8,11,2,11,29,15
319,3,3,2,0,32,15
320,3,5,0,1,22,20
321,3,5,0,0,9,20
322,9,5,0,0,32,22
323,4,4,0,0,19,7
324,5,5,1,1,25,19
325,3,2,0,2,13,17
326,6,5,0,2,26,19
327,8,6,8,1,28,20
328,4,2,1,0,9,27
329,9,3,6,0,19,10
330,6,7,0,0,27,11
331,9,3,9,0,33,22
332,6,3,2,0,32,15
333,4,12,3,12,32,15
334,7,2,1,0,24,14
335,3,5,0,0,9,19
336,10,2,10,0,31,6
337,8,5,2,1,31,7
338,8,3,0,0,29,12
339,6,6,0,0,23,20
340,5,2,0,0,25,12
341,10,4,7,1,19,13
342,11,6,11,2,31,26
343,4,3,1,0,22,22
344,8,3,2,0,24,15
345,4,2,0,1,32,22
346,10,7,0,0,22,11
347,9,4,4,1,29,22
348,9,2,9,0,28,6
349,4,6,0,0,9,26
350,9,4,3,1,31,15
351,10,3,10,3,33,17
352,4,2,0,1,19,15
353,5,7,0,0,12,11
354,9,3,1,2,29,22
355,2,3,1,0,30,12
356,5,3,0,0,25,10
357,11,3,8,1,19,12
358,12,6,12,0,31,20
359,4,1,0,0,32,8
360,3,6,0,1,13,22
361,9,7,0,1,29,21
362,8,13,2,13,25,15
363,9,5,0,2,32,22
364,7,4,1,0,23,14
365,4,3,0,0,9,12
366,3,4,0,0,25,21
367,6,4,1,1,12,12
368,11,2,11,0,33,14
369,5,4,0,3,24,22
370,2,1,0,0,30,8
371,10,5,10,0,28,20
372,7,2,3,0,32,6
373,7,8,1,4,26,9
374,8,5,0,0,34,21
375,12,14,9,14,19,15
376,8,7,0,2,25,22
377,13,2,13,0,31,14
378,3,6,0,1,17,19
379,5,5,1,1,9,14
380,3,10,0,6,21,27
381,9,3,0,1,29,27
382,3,6,0,3,25,22
383,6,2,1,1,24,8
384,6,2,0,0,12,16
385,9,6,0,2,32,19
386,5,7,0,4,9,22
387,3,3,0,0,21,10
388,8,8,0,0,24,20
389,12,3,12,1,33,6
390,9,4,1,0,34,22
391,9,3,0,2,31,15
392,4,3,0,0,19,17
393,10,6,1,2,29,14
394,3,15,0,15,17,15
395,7,6,0,1,23,20
396,10,3,2,2,34,8
397,2,5,0,2,30,15
398,7,3,0,0,26,10
399,10,3,1,0,32,6
400,9,3,0,1,31,16
401,4,9,1,1,21,20
402,13,9,13,5,33,9
403,7,4,1,0,27,13
404,6,5,0,0,12,21
405,6,6,1,3,25,15
406,11,16,2,16,29,15
407,3,3,0,0,9,12
408,4,6,0,0,19,19
409,10,4,1,1,29,17
410,13,5,9,0,26,7
411,3,6,0,0,13,14
412,7,7,0,1,26,26
413,14,9,14,0,31,20
414,4,4,0,0,22,13
415,3,2,0,0,25,14
416,8,5,2,2,27,12
417,11,4,3,0,34,17
418,8,7,0,0,24,21
419,5,3,1,0,32,27
420,3,5,0,1,17,21
421,13,16,0,0,33,15
422,7,7,0,1,32,19
423,14,8,10,3,26,22
424,4,5,1,0,13,12
425,12,6,3,0,29,15
426,10,4,0,3,28,15
427,11,4,2,1,32,10
428,12,3,0,0,19,8
429,9,5,3,0,27,7
430,14,10,0,6,31,9
431,12,7,4,0,34,11
432,6,4,2,0,32,17
433,2,3,0,1,30,14
434,7,6,2,2,25,21
435,8,3,1,0,23,12
436,7,5,0,1,26,13
437,14,4,0,0,31,10
438,4,11,1,7,9,27
439,5,6,2,0,21,15
440,8,7,1,0,32,22
441,6,9,0,4,12,22
442,7,7,3,0,32,11
443,12,11,3,7,32,9
444,11,6,1,0,28,14
445,14,7,1,2,33,19
446,10,8,4,1,27,22
447,11,6,1,0,22,20
448,5,3,2,0,13,12
449,7,6,0,0,26,20
450,13,8,4,2,29,26
451,4,4,0,0,9,10
452,8,6,0,2,25,13
453,13,7,1,3,19,21
454,6,3,3,0,21,16
455,6,7,0,1,12,20
456,8,3,4,0,32,14
457,6,10,0,5,24,22
458,3,7,1,0,30,11
459,13,8,4,1,32,21
460,15,12,1,8,31,27
461,4,11,2,6,30,22
462,11,8,0,0,22,22
463,13,4,5,1,34,14
464,7,5,0,1,26,10
465,9,3,2,0,23,8
466,8,4,0,1,24,16
467,11,5,5,0,27,12
468,6,7,0,0,24,11
469,11,6,2,1,29,21
470,12,3,2,0,28,6
471,7,4,0,0,25,22
472,9,7,1,1,25,20
473,3,12,0,0,17,27
474,14,7,2,0,19,19
475,5,5,3,0,30,7
476,13,6,0,1,34,12
477,13,8,3,0,28,26
478,4,7,0,0,19,19
479,6,3,1,0,9,12
480,10,7,1,0,31,19
481,15,7,3,0,19,20
482,3,3,0,0,25,6
483,4,4,0,1,22,8
484,6,11,4,0,30,9
485,15,4,2,0,33,17
486,8,4,0,0,32,15
487,6,5,0,0,24,7
488,8,16,0,0,32,15
489,14,7,0,0,26,21
490,13,5,0,1,32,22
491,14,6,1,0,34,15
492,6,6,0,0,21,14
493,5,11,1,0,19,22
494,11,12,0,1,22,9
495,10,3,2,0,25,12
496,4,10,0,1,22,20
497,7,13,2,1,9,27
498,3,7,0,0,25,19
499,12,4,3,0,29,15
500,8,6,0,1,32,7
501,7,9,0,2,25,21
502,14,7,5,0,29,20
503,6,9,0,1,24,22
504,11,8,2,2,31,20
505,9,3,1,0,32,27
506,13,4,0,1,32,6
507,11,12,0,0,27,9
508,5,4,1,0,22,17
509,4,6,0,0,9,21
510,16,8,3,1,33,11
511,12,7,1,2,22,7
512,6,6,3,0,13,14
513,15,8,6,0,29,20
514,16,9,4,1,19,26
515,7,8,0,1,9,21
516,4,3,1,0,25,27
517,9,7,1,0,24,19
518,10,6,2,2,32,22
519,6,6,0,0,24,12
520,14,4,0,0,26,15
521,13,4,0,1,28,12
522,10,10,0,0,25,20
523,5,6,0,0,22,21
524,12,7,3,0,31,20
525,6,5,0,2,12,8
526,13,5,2,2,22,14
527,15,6,1,0,26,12
528,9,9,0,0,23,26
529,11,9,1,2,25,21
530,3,7,0,0,17,19
531,6,7,0,3,13,22
532,7,10,0,3,9,21
533,5,9,0,1,22,20
534,10,7,2,1,24,14
535,6,4,0,0,30,15
536,17,4,4,0,33,16
537,7,5,1,0,24,14
538,15,5,0,0,26,8
539,17,7,5,1,19,21
540,6,8,0,0,13,11
541,7,7,1,1,12,12
542,14,5,3,1,22,15
543,7,7,0,0,25,19
544,11,7,0,0,25,19
545,16,8,2,4,31,22
546,6,11,1,4,22,21
547,4,9,1,0,17,20
548,6,10,2,3,19,21
549,10,6,0,0,24,13
550,10,14,0,2,32,27
551,7,3,0,0,24,27
552,6,5,0,0,13,15
553,14,7,1,0,32,21
554,9,8,0,0,23,22
555,7,9,1,1,21,11
556,7,6,0,0,12,15
557,15,5,4,0,22,8
558,14,4,1,0,28,16
559,7,10,0,1,25,26
560,15,10,0,0,29,20
561,12,5,1,0,25,10
562,4,11,0,0,17,22
563,11,10,1,1,24,20
564,6,6,0,0,19,13
565,13,5,4,0,29,8
566,6,14,0,0,30,27
567,8,4,1,0,26,6
568,17,11,3,0,31,21
569,5,8,2,1,25,21
570,12,12,1,1,27,22
571,7,4,2,0,22,12
572,5,6,1,1,9,14
573,9,11,0,1,23,20
574,7,8,0,1,9,19
575,8,5,2,1,21,16
576,7,5,0,1,12,17
577,14,8,5,2,29,14
578,11,17,0,1,24,15
579,8,15,1,1,24,27
580,16,3,1,0,26,27
581,13,9,4,0,31,11
582,14,7,0,2,28,14
583,8,6,0,0,26,13
584,13,18,2,2,27,15
585,11,7,0,0,24,20
586,15,5,2,1,34,6
587,8,16,0,2,32,27
588,5,11,0,0,9,20
589,8,11,3,4,22,21
590,10,4,1,0,23,12
591,9,3,3,0,21,27
592,14,5,0,0,32,16
593,15,10,0,2,34,22
594,8,8,1,0,12,14
595,8,7,0,0,26,14
596,15,7,0,0,29,20
597,15,7,1,1,28,13
598,6,9,3,1,25,22
599,8,8,0,0,32,14
600,8,5,0,0,24,17
601,16,6,5,2,22,6
602,4,7,0,0,17,7
603,11,12,2,5,23,21
604,10,12,4,0,21,22
605,18,5,5,0,33,8
606,6,12,0,0,30,9
607,17,6,2,0,26,6
608,16,6,2,1,28,15
609,18,7,4,0,31,19
610,18,6,6,1,19,16
611,7,5,0,0,9,10
612,6,9,0,2,25,19
613,13,11,0,2,27,26
614,16,8,1,0,34,14
615,14,8,5,0,31,21
616,8,13,0,1,24,9
617,17,6,6,1,22,17
618,6,7,1,0,9,7
619,19,11,6,0,33,21
620,7,13,1,6,19,21
621,6,11,0,2,30,20
622,18,7,3,2,26,17
623,16,9,1,0,29,11
624,19,7,5,0,31,13
625,14,5,0,0,32,10
626,11,6,5,0,21,6
627,13,11,0,0,27,20
628,11,4,1,0,32,12
629,12,9,1,1,24,21
630,8,10,2,0,19,22
631,11,17,0,3,23,27
632,16,8,0,1,28,7
633,5,7,1,2,17,15
634,6,7,0,0,9,20
635,8,6,1,0,9,6
636,6,12,0,3,25,26
637,6,7,0,0,30,17
638,14,19,0,3,31,15
639,13,9,0,0,27,21
640,15,7,6,1,29,15
641,11,12,0,1,32,20
642,17,10,2,3,34,19
643,8,8,0,3,22,15
644,5,13,0,4,17,26
645,11,8,0,1,23,20
646,7,7,0,0,25,17
647,6,5,0,0,13,8
648,14,10,0,2,31,22
649,12,8,6,1,21,14
650,19,7,7,0,19,15
651,20,7,7,0,33,13
652,16,20,0,4,28,15
653,6,12,0,3,25,20
654,9,6,2,0,12,16
655,16,11,7,4,29,19
656,9,3,1,0,32,27
657,13,11,2,1,24,22
658,8,7,0,0,26,15
659,13,11,2,3,25,22
660,15,9,1,2,32,20
661,5,12,0,2,17,22
662,17,8,1,2,28,12
663,20,5,8,0,19,10
664,6,20,0,0,9,15
665,9,9,2,0,9,11
666,14,13,0,4,31,20
667,9,11,0,0,12,19
668,8,7,0,1,19,16
669,7,13,1,0,30,21
670,6,5,0,0,13,10
671,11,21,0,1,23,15
672,10,14,2,2,32,9
673,7,18,0,4,25,27
674,9,8,1,0,26,12
675,13,11,0,0,25,21
676,6,14,0,5,9,26
677,10,7,3,0,9,15
678,21,12,9,0,19,22
679,6,12,0,0,25,22
680,8,13,0,0,19,20
681,14,5,1,1,27,12
682,12,9,1,2,32,7
683,7,12,0,1,30,19
684,17,15,8,3,29,9
685,9,7,0,0,26,19
686,6,7,0,0,13,13
687,6,12,0,4,25,22
688,20,22,6,2,31,15
689,17,13,0,1,34,22
690,12,15,0,6,32,26
691,6,6,1,1,17,10
692,12,10,0,3,21,7
693,8,12,0,1,19,21
694,6,8,0,1,9,19
695,13,13,0,1,25,22
696,10,13,0,2,32,19
697,9,6,0,0,26,6
698,21,8,0,1,19,17
699,10,8,0,2,9,16
700,6,8,0,1,25,15
701,15,15,2,0,27,9
702,18,13,9,0,29,22
703,7,6,0,1,25,8
704,21,3,7,0,31,27
705,6,9,0,2,13,14
706,16,5,2,0,32,12
707,13,14,1,1,21,20
708,22,12,1,0,19,21
709,21,6,8,0,33,10
710,13,10,0,0,24,7
711,17,8,2,1,29,13
712,11,8,0,0,23,15
713,7,9,1,1,9,12
714,12,14,0,1,32,21
715,11,14,1,1,32,22
716,8,13,0,5,24,22
717,6,16,0,7,13,26
718,9,8,1,0,22,14
719,7,9,2,0,17,20
720,18,3,2,0,28,27
721,18,14,1,0,34,21
722,19,9,4,2,26,15
723,9,17,0,8,26,26
724,12,8,1,0,23,13
725,15,16,1,1,31,9
726,9,10,1,2,19,12
727,22,14,9,0,33,20
728,9,14,0,6,12,22
729,17,9,0,0,22,21
730,19,9,0,0,26,11
731,18,6,3,0,29,8
732,13,12,0,0,25,20
733,6,3,0,0,13,27
734,10,8,2,0,22,19
735,19,9,3,0,28,20
736,13,5,0,0,24,12
737,13,8,1,0,32,14
738,8,22,0,0,24,15
739,12,14,2,0,32,21
740,9,15,0,1,26,20
741,16,10,2,3,31,14
742,22,11,0,1,33,7
743,17,8,3,0,32,13
744,8,8,1,0,25,17
745,6,7,0,1,13,8
746,18,16,0,0,29,9
747,11,4,3,1,22,27
748,8,13,3,1,17,21
749,13,11,2,0,23,7
750,22,9,0,0,19,20
751,14,8,2,0,21,15
752,8,9,0,0,24,11
753,20,8,1,0,26,16
754,10,19,2,5,19,27
755,17,8,3,0,31,14
756,19,10,2,1,34,21
757,17,8,0,0,22,16
758,10,11,1,0,26,7
759,20,9,4,1,28,17
760,14,5,3,2,23,27
761,18,13,4,0,32,19
762,6,5,0,0,25,12
763,15,7,0,1,27,6
764,14,10,1,0,24,12
765,18,15,0,0,29,20
766,21,13,2,1,26,20
767,7,9,0,0,9,17
768,11,10,1,0,9,14
769,23,9,1,0,33,20
770,13,8,3,0,32,16
771,18,14,1,0,22,22
772,22,11,8,1,31,12
773,11,17,0,1,22,9
774,21,6,5,1,28,12
775,18,18,0,9,29,26
776,16,8,1,0,27,15
777,9,15,0,1,12,22
778,9,13,1,0,24,20
779,18,10,0,0,29,21
780,13,20,0,6,25,27
781,8,17,0,0,25,9
782,11,8,2,2,26,8
783,18,11,0,1,29,14
784,19,8,5,0,32,19
785,6,14,0,2,25,22
786,7,23,0,1,30,15
787,10,16,1,1,12,20
788,10,8,2,0,24,16
789,17,14,2,2,27,21
790,8,9,0,3,17,8
791,23,8,9,0,31,13
792,12,11,1,0,22,12
793,18,14,4,0,31,21
794,6,14,0,0,13,22
795,14,13,4,0,32,20
796,11,8,0,0,26,14
797,18,8,0,0,29,19
798,13,6,0,0,25,12
799,20,9,6,0,32,11
800,24,10,2,3,33,15
801,14,15,0,1,24,21
802,20,8,3,0,34,16
803,7,13,0,0,30,20
804,18,11,0,0,22,7
805,24,15,10,1,31,22
806,12,8,0,0,22,13
807,10,10,0,0,19,21
808,17,8,0,0,27,16
809,18,15,0,3,31,21
810,6,6,0,0,13,12
811,14,8,1,0,25,15
812,15,19,4,10,23,26
813,18,21,0,7,29,27
814,8,6,1,0,9,10
815,15,10,3,0,21,21
816,7,9,1,1,25,14
817,14,10,0,0,24,15
818,10,5,0,0,12,27
819,19,14,1,1,29,20
820,21,24,4,2,34,15
821,22,15,6,0,28,22
822,11,15,1,7,19,22
823,11,21,0,0,26,27
824,9,14,1,0,17,20
825,11,10,0,2,9,14
826,25,9,11,1,31,19
827,11,12,3,1,24,12
828,7,15,0,0,30,22
829,15,18,2,1,25,9
830,13,7,1,0,22,6
831,8,13,0,0,9,19
832,21,11,7,0,32,7
833,7,15,0,0,25,21
834,17,17,0,2,27,20
835,20,9,2,1,29,16
836,19,12,1,0,22,12
837,15,12,5,2,32,14
838,22,10,3,0,26,15
839,8,9,0,0,25,19
840,10,19,2,2,17,9
841,11,11,0,0,9,7
842,23,8,1,1,19,6
843,25,9,3,0,33,20
844,20,16,0,1,29,22
845,20,16,2,1,22,21
846,21,9,0,0,34,11
847,22,14,8,1,32,19
848,11,7,0,1,9,10
849,18,10,1,2,27,16
850,7,13,0,3,30,14
851,15,8,0,0,32,15
852,7,14,1,0,13,20
853,26,6,12,0,31,12
854,13,22,0,1,22,27
855,16,9,5,0,23,17
856,19,9,1,0,31,8
857,15,9,1,0,24,11
858,20,12,0,1,29,7
859,22,12,0,0,26,12
860,19,11,1,3,29,14
861,23,23,9,2,32,27
862,12,16,1,8,9,22
863,22,8,1,0,34,15
864,21,14,3,4,22,14
865,16,16,1,0,32,21
866,7,11,0,1,30,15
867,8,9,0,0,25,8
868,8,9,2,0,13,20
869,13,10,0,1,22,19
870,11,10,3,1,17,17
871,24,9,2,0,19,11
872,20,12,2,0,31,12
873,14,19,2,0,32,9
874,11,15,1,0,12,22
875,20,17,0,1,29,21
876,27,9,13,0,31,8
877,20,10,2,0,29,21
878,19,12,2,2,27,15
879,7,25,0,3,30,15
880,15,10,0,1,25,11
881,11,10,0,0,17,19
882,23,11,0,0,32,14
883,16,12,4,0,21,15
884,24,20,0,1,19,9
885,26,17,4,9,33,22
886,11,8,0,0,19,6
887,11,8,0,0,12,15
888,20,7,0,0,29,10
889,23,17,1,0,26,20
890,8,8,0,0,9,13
891,12,10,1,0,17,21
892,25,10,1,0,19,19
893,9,14,3,0,13,19
894,16,26,0,4,21,15
895,23,17,7,2,28,22
896,14,11,0,2,32,17
897,11,5,0,0,12,27
898,9,24,1,3,25,27
899,24,9,2,0,26,20
900,7,20,0,0,25,9
901,23,19,2,0,34,26
902,12,9,4,1,24,15
903,12,26,1,0,19,15
904,7,7,0,0,30,10
905,9,16,0,2,13,21
906,9,18,1,3,9,22
907,16,10,1,0,25,21
908,13,12,2,0,17,12
909,26,25,2,4,19,27
910,12,21,0,1,9,9
911,15,15,1,1,32,19
912,9,10,0,0,25,16
913,23,10,0,0,28,19
914,12,10,0,0,19,11
915,20,16,3,1,27,22
916,24,6,3,1,34,27
917,11,19,0,0,12,26
918,22,9,4,0,22,20
919,13,8,5,1,24,10
920,9,18,0,2,13,21
921,11,17,0,0,26,22
922,27,16,5,2,33,19
923,16,13,0,1,23,12
924,10,17,2,3,9,21
925,27,11,3,0,19,17
926,7,8,0,0,25,13
927,16,14,2,0,24,14
928,16,8,0,0,32,10
929,9,17,0,0,25,20
930,21,17,3,2,31,22
931,14,9,6,0,24,20
932,7,20,0,1,30,26
933,14,6,1,0,22,12
934,16,11,0,1,23,16
935,10,18,0,1,9,22
936,13,16,1,0,9,19
937,8,11,1,0,25,17
938,12,14,0,0,19,20
939,23,18,0,4,28,21
940,17,14,3,2,24,12
941,11,11,0,1,12,21
942,23,25,5,0,22,27
943,9,18,0,0,25,22
944,11,19,0,5,26,21
945,9,18,0,1,13,20
946,17,6,1,0,21,12
947,7,10,0,1,30,20
948,17,13,1,1,32,15
949,17,8,1,0,23,13
950,8,14,0,0,25,14
951,25,27,3,1,26,15
952,23,19,0,2,28,22
953,12,25,1,0,12,27
954,15,14,2,0,22,20
955,18,17,4,1,24,19
956,21,12,0,1,31,17
957,10,9,0,0,9,15
958,10,11,1,0,13,16
959,14,21,0,2,24,26
960,13,12,0,1,17,14
961,24,25,0,0,34,27
962,21,22,1,3,29,26
963,15,9,0,0,22,8
964,21,19,3,3,29,21
965,21,11,0,1,31,11
966,15,21,0,0,32,9
967,18,13,2,2,21,17
968,13,8,0,0,9,6
969,17,13,0,2,32,7
970,24,11,6,1,22,19
971,8,18,1,3,30,22
972,28,9,14,0,31,15
973,14,9,1,0,17,8
974,28,12,4,0,19,14
975,18,18,0,0,24,20
976,13,20,1,6,19,21
977,24,19,0,4,22,22
978,18,14,2,3,23,17
979,18,14,1,0,32,12
980,16,13,1,0,22,7
981,28,20,6,4,33,21
982,16,14,1,2,32,15
983,19,18,1,0,24,22
984,25,15,1,1,34,20
985,20,21,0,7,27,21
986,25,15,0,1,26,14
987,21,10,0,0,29,20
988,23,28,0,2,32,15
989,18,8,0,0,23,10
990,23,11,0,0,28,21
991,18,11,0,0,21,16
992,16,14,0,0,25,15
993,22,25,1,0,31,27
994,13,21,2,0,12,9
995,28,23,0,4,19,26
996,16,18,0,2,22,19
997,21,18,1,0,27,20
998,13,14,0,0,19,12
999,29,12,15,1,31,16
1000,21,28,0,0,29,15
1001,29,12,7,2,33,19
1002,14,21,0,0,24,9
1003,26,14,1,1,26,7
1004,22,15,1,4,29,17
1005,28,20,0,0,19,21
1006,19,19,2,1,32,22
1007,21,14,0,0,29,12
1008,16,10,0,0,22,20
1009,17,19,2,1,32,20
1010,25,20,1,3,22,22
1011,17,24,1,5,25,26
1012,24,13,1,3,28,19
1013,14,15,0,0,24,14
1014,29,16,0,2,33,20
1015,14,19,3,3,12,19
1016,19,19,0,0,24,22
1017,25,11,0,0,34,21
1018,23,29,2,1,31,15
1019,17,21,0,0,32,21
1020,18,21,0,4,21,22
1021,19,14,1,0,23,15
1022,30,15,16,0,31,17
1023,14,8,1,0,19,10
1024,24,20,1,0,32,21
1025,20,20,3,1,32,22
1026,25,21,0,0,34,21
1027,23,29,2,0,29,15
1028,29,15,1,2,19,7
1029,19,25,0,0,24,27
1030,21,8,0,0,27,10
1031,24,14,0,0,32,12
1032,15,12,2,0,19,16
1033,25,15,2,0,28,17
1034,20,11,0,1,32,20
1035,15,19,1,0,24,22
1036,26,13,0,0,26,19
1037,15,21,4,0,12,22
1038,22,22,1,1,29,9
1039,30,25,1,6,33,26
1040,29,19,0,0,19,19
1041,25,20,0,2,22,20
1042,17,14,0,1,25,19
1043,18,20,1,1,32,22
1044,31,16,17,3,31,7
1045,19,21,1,1,21,21
1046,20,12,1,1,24,21
1047,16,25,0,0,22,27
1048,15,15,0,0,24,14
1049,24,19,3,0,31,19
1050,31,26,0,7,31,26
1051,22,16,1,0,27,20
1052,26,21,1,2,34,22
1053,26,8,3,0,28,10
1054,26,14,1,0,22,15
1055,16,23,5,2,12,9
1056,19,26,0,1,21,27
1057,22,13,0,1,29,16
1058,17,15,0,0,25,14
1059,20,13,2,2,23,21
1060,25,20,1,0,32,20
1061,24,16,3,0,29,20
1062,26,21,0,0,26,22
1063,24,11,0,0,31,20
1064,21,14,1,0,32,12
1065,26,21,0,0,34,21
1066,26,15,2,2,32,19
1067,26,12,0,1,28,20
1068,27,23,1,0,26,9
1069,30,15,0,0,33,17
1070,25,16,4,0,29,20
1071,24,21,0,0,31,22
1072,26,14,0,3,22,21
1073,27,15,3,0,32,19
1074,27,21,1,0,34,21
1075,27,12,1,0,28,20
1076,28,23,2,0,26,9
1077,25,17,0,1,29,20
1078,25,21,1,0,31,22
1079,30,16,0,1,33,17
1080,26,15,0,4,22,21
1081,20,27,0,8,23,26
1082,23,20,1,0,29,20
1083,31,22,0,2,31,21
1084,20,22,0,3,24,22
1085,18,26,1,0,25,27
1086,30,20,1,1,19,19
1087,23,20,2,0,27,22
1088,22,29,2,0,32,15
1089,31,23,0,3,31,21
1090,20,23,0,4,24,22
1091,20,28,0,9,23,26
1092,24,20,2,0,29,20
1093,18,27,0,1,25,27
1094,24,20,3,0,27,22
1095,31,20,2,0,19,19
1096,22,30,0,1,32,15
1097,27,22,0,1,34,21
1098,28,24,0,1,26,9
1099,31,16,1,0,33,17
1100,26,21,2,0,31,22
1101,27,15,1,0,22,21
1102,28,24,4,4,32,21
1103,21,23,1,0,24,22
1104,25,20,3,0,29,20
1105,32,18,2,2,33,20
1106,25,20,4,0,27,22
1107,28,25,0,5,32,21
1108,28,22,1,0,34,21
1109,32,19,0,3,33,20
1110,27,21,3,0,31,22
1111,28,29,2,10,28,26
1112,29,21,1,1,26,20
1113,32,28,3,2,19,27
1114,28,20,2,0,22,22
1115,28,30,0,11,28,26
1116,30,21,2,0,26,20
1117,33,28,4,0,19,27
1118,28,21,0,1,22,22
1119,28,26,0,6,32,21
1120,29,24,2,1,34,22
1121,32,20,0,4,33,20
1122,28,31,4,2,31,15
1123,28,31,0,12,28,26
1124,29,25,0,2,34,22
1125,28,32,0,3,31,15
1126,30,22,0,1,26,20
1127,28,27,0,7,32,21
1128,29,21,1,0,22,22
1129,29,26,0,3,34,22
1130,28,21,0,5,28,20
1131,30,23,0,2,26,20
1132,28,22,0,6,28,20
1133,30,24,2,3,22,20
1134,33,28,0,8,19,21
1135,31,24,3,0,22,20
1136,30,33,1,4,34,15
1137,33,29,0,9,19,21
1138,31,33,2,0,34,15
1139,28,23,0,7,28,20
1140,32,24,4,0,22,20
1141,34,29,1,0,19,21
1142,33,23,5,0,22,20
